1689, Data, 0, 0, 0, 0, 0
5264, Data, 0, 0, 0, 0, 0
6887, Data, 0, 0, 0, 0, 0
5302, Data, 0, 0, 0, 0, 0
623, Data, 0, 0, 0, 0, 0
1214, Data, 0, 0, 0, 0, 0
649, Data, 0, 0, 0, 0, 0
4513, Data, 0, 0, 0, 0, 0
1610, Data, 0, 0, 0, 0, 0
859, Data, 0, 0, 0, 0, 0
5191, Data, 0, 0, 0, 0, 0
3212, Data, 0, 0, 0, 0, 0
4075, Data, 0, 0, 0, 0, 0
2594, Data, 0, 0, 0, 0, 0
4247, Data, 0, 0, 0, 0, 0
534, Data, 0, 0, 0, 0, 0
1161, Data, 0, 0, 0, 0, 0
801, Data, 0, 0, 0, 0, 0
4313, Data, 0, 0, 0, 0, 0
5587, Data, 0, 0, 0, 0, 0
3329, Data, 0, 0, 0, 0, 0
3350, Data, 0, 0, 0, 0, 0
7389, Data, 0, 0, 0, 0, 0
9986, Data, 0, 0, 0, 0, 0
5671, Data, 0, 0, 0, 0, 0
4440, Data, 0, 0, 0, 0, 0
134, Data, 0, 0, 0, 0, 0
1942, Data, 0, 0, 0, 0, 0
2240, Data, 0, 0, 0, 0, 0
3526, Data, 0, 0, 0, 0, 0
2437, Data, 0, 0, 0, 0, 0
3367, Data, 0, 0, 0, 0, 0
2123, Data, 0, 0, 0, 0, 0
6406, Data, 0, 0, 0, 0, 0
3374, Data, 0, 0, 0, 0, 0
83, Data, 0, 0, 0, 0, 0
1608, Data, 0, 0, 0, 0, 0
1048, Data, 0, 0, 0, 0, 0
5530, Data, 0, 0, 0, 0, 0
1855, Data, 0, 0, 0, 0, 0
9139, Data, 0, 0, 0, 0, 0
5259, Data, 0, 0, 0, 0, 0
4947, Data, 0, 0, 0, 0, 0
5840, Data, 0, 0, 0, 0, 0
2542, Data, 0, 0, 0, 0, 0
6510, Data, 0, 0, 0, 0, 0
6444, Data, 0, 0, 0, 0, 0
585, Data, 0, 0, 0, 0, 0
2894, Data, 0, 0, 0, 0, 0
1810, Data, 0, 0, 0, 0, 0
556, Data, 0, 0, 0, 0, 0
1234, Data, 0, 0, 0, 0, 0
1217, Data, 0, 0, 0, 0, 0
2780, Data, 0, 0, 0, 0, 0
750, Data, 0, 0, 0, 0, 0
7852, Data, 0, 0, 0, 0, 0
5398, Data, 0, 0, 0, 0, 0
1722, Data, 0, 0, 0, 0, 0
871, Data, 0, 0, 0, 0, 0
1396, Data, 0, 0, 0, 0, 0
2111, Data, 0, 0, 0, 0, 0
4642, Data, 0, 0, 0, 0, 0
7412, Data, 0, 0, 0, 0, 0
2957, Data, 0, 0, 0, 0, 0
636, Data, 0, 0, 0, 0, 0
393, Data, 0, 0, 0, 0, 0
4111, Data, 0, 0, 0, 0, 0
3525, Data, 0, 0, 0, 0, 0
732, Data, 0, 0, 0, 0, 0
3860, Data, 0, 0, 0, 0, 0
8037, Data, 0, 0, 0, 0, 0
4092, Data, 0, 0, 0, 0, 0
3923, Data, 0, 0, 0, 0, 0
4805, Data, 0, 0, 0, 0, 0
5811, Data, 0, 0, 0, 0, 0
404, Data, 0, 0, 0, 0, 0
1044, Data, 0, 0, 0, 0, 0
5881, Data, 0, 0, 0, 0, 0
5528, Data, 0, 0, 0, 0, 0
4552, Data, 0, 0, 0, 0, 0
2200, Data, 0, 0, 0, 0, 0
6801, Data, 0, 0, 0, 0, 0
206, Data, 0, 0, 0, 0, 0
9107, Data, 0, 0, 0, 0, 0
4799, Data, 0, 0, 0, 0, 0
4798, Data, 0, 0, 0, 0, 0
5470, Data, 0, 0, 0, 0, 0
311, Data, 0, 0, 0, 0, 0
3538, Data, 0, 0, 0, 0, 0
2158, Data, 0, 0, 0, 0, 0
503, Data, 0, 0, 0, 0, 0
303, Data, 0, 0, 0, 0, 0
4562, Data, 0, 0, 0, 0, 0
1109, Data, 0, 0, 0, 0, 0
6249, Data, 0, 0, 0, 0, 0
7935, Data, 0, 0, 0, 0, 0
1140, Data, 0, 0, 0, 0, 0
48, Data, 0, 0, 0, 0, 0
2414, Data, 0, 0, 0, 0, 0
3374, Data, 0, 0, 0, 0, 0
5267, Data, 0, 0, 0, 0, 0
1901, Data, 0, 0, 0, 0, 0
3733, Data, 0, 0, 0, 0, 0
5534, Data, 0, 0, 0, 0, 0
351, Data, 0, 0, 0, 0, 0
3150, Data, 0, 0, 0, 0, 0
5849, Data, 0, 0, 0, 0, 0
1, Data, 0, 0, 0, 0, 0
4102, Data, 0, 0, 0, 0, 0
7795, Data, 0, 0, 0, 0, 0
3275, Data, 0, 0, 0, 0, 0
1546, Data, 0, 0, 0, 0, 0
1323, Data, 0, 0, 0, 0, 0
9773, Data, 0, 0, 0, 0, 0
3019, Data, 0, 0, 0, 0, 0
167, Data, 0, 0, 0, 0, 0
4092, Data, 0, 0, 0, 0, 0
7656, Data, 0, 0, 0, 0, 0
182, Data, 0, 0, 0, 0, 0
936, Data, 0, 0, 0, 0, 0
3970, Data, 0, 0, 0, 0, 0
5479, Data, 0, 0, 0, 0, 0
1477, Data, 0, 0, 0, 0, 0
4652, Data, 0, 0, 0, 0, 0
6045, Data, 0, 0, 0, 0, 0
3912, Data, 0, 0, 0, 0, 0
7140, Data, 0, 0, 0, 0, 0
3332, Data, 0, 0, 0, 0, 0
3777, Data, 0, 0, 0, 0, 0
7331, Data, 0, 0, 0, 0, 0
4198, Data, 0, 0, 0, 0, 0
1030, Data, 0, 0, 0, 0, 0
6696, Data, 0, 0, 0, 0, 0
4027, Data, 0, 0, 0, 0, 0
2447, Data, 0, 0, 0, 0, 0
3317, Data, 0, 0, 0, 0, 0
9564, Data, 0, 0, 0, 0, 0
2961, Data, 0, 0, 0, 0, 0
158, Data, 0, 0, 0, 0, 0
9067, Data, 0, 0, 0, 0, 0
4093, Data, 0, 0, 0, 0, 0
1347, Data, 0, 0, 0, 0, 0
2454, Data, 0, 0, 0, 0, 0
451, Data, 0, 0, 0, 0, 0
3958, Data, 0, 0, 0, 0, 0
10419, Data, 0, 0, 0, 0, 0
2106, Data, 0, 0, 0, 0, 0
829, Data, 0, 0, 0, 0, 0
3453, Data, 0, 0, 0, 0, 0
2186, Data, 0, 0, 0, 0, 0
1873, Data, 0, 0, 0, 0, 0
9350, Data, 0, 0, 0, 0, 0
3940, Data, 0, 0, 0, 0, 0
7541, Data, 0, 0, 0, 0, 0
416, Data, 0, 0, 0, 0, 0
885, Data, 0, 0, 0, 0, 0
1059, Data, 0, 0, 0, 0, 0
6198, Data, 0, 0, 0, 0, 0
259, Data, 0, 0, 0, 0, 0
3531, Data, 0, 0, 0, 0, 0
3142, Data, 0, 0, 0, 0, 0
211, Data, 0, 0, 0, 0, 0
2378, Data, 0, 0, 0, 0, 0
600, Data, 0, 0, 0, 0, 0
1140, Data, 0, 0, 0, 0, 0
3944, Data, 0, 0, 0, 0, 0
10468, Data, 0, 0, 0, 0, 0
6943, Data, 0, 0, 0, 0, 0
1065, Data, 0, 0, 0, 0, 0
4995, Data, 0, 0, 0, 0, 0
3148, Data, 0, 0, 0, 0, 0
329, Data, 0, 0, 0, 0, 0
1672, Data, 0, 0, 0, 0, 0
1657, Data, 0, 0, 0, 0, 0
2491, Data, 0, 0, 0, 0, 0
3881, Data, 0, 0, 0, 0, 0
4386, Data, 0, 0, 0, 0, 0
6839, Data, 0, 0, 0, 0, 0
7708, Data, 0, 0, 0, 0, 0
8358, Data, 0, 0, 0, 0, 0
1804, Data, 0, 0, 0, 0, 0
11648, Data, 0, 0, 0, 0, 0
8172, Data, 0, 0, 0, 0, 0
1087, Data, 0, 0, 0, 0, 0
6620, Data, 0, 0, 0, 0, 0
9796, Data, 0, 0, 0, 0, 0
4345, Data, 0, 0, 0, 0, 0
5174, Data, 0, 0, 0, 0, 0
1605, Data, 0, 0, 0, 0, 0
6184, Data, 0, 0, 0, 0, 0
690, Data, 0, 0, 0, 0, 0
5489, Data, 0, 0, 0, 0, 0
306, Data, 0, 0, 0, 0, 0
3585, Data, 0, 0, 0, 0, 0
377, Data, 0, 0, 0, 0, 0
1847, Data, 0, 0, 0, 0, 0
4553, Data, 0, 0, 0, 0, 0
5873, Data, 0, 0, 0, 0, 0
5218, Data, 0, 0, 0, 0, 0
2317, Data, 0, 0, 0, 0, 0
8966, Data, 0, 0, 0, 0, 0
1936, Data, 0, 0, 0, 0, 0
1476, Data, 0, 0, 0, 0, 0
2745, Data, 0, 0, 0, 0, 0
2999, Data, 0, 0, 0, 0, 0
1068, Data, 0, 0, 0, 0, 0
2983, Data, 0, 0, 0, 0, 0
860, Data, 0, 0, 0, 0, 0
2083, Data, 0, 0, 0, 0, 0
3280, Data, 0, 0, 0, 0, 0
3191, Data, 0, 0, 0, 0, 0
5027, Data, 0, 0, 0, 0, 0
9257, Data, 0, 0, 0, 0, 0
317, Data, 0, 0, 0, 0, 0
